5 0.1875 0.06484375 0.21015625 0.0578125
5 0.6828125 0.05859375 0.2296875 0.07109375
1 0.1546875 0.15859375 0.16171875 0.08359375
1 0.34921875 0.153125 0.1578125 0.0921875
1 0.15390625 0.28515625 0.16640625 0.07890625
1 0.35078125 0.28203125 0.153125 0.0875
1 0.64609375 0.1546875 0.16953125 0.08203125
1 0.84375 0.15859375 0.159375 0.090625
1 0.84453125 0.28671875 0.17265625 0.07890625
1 0.63984375 0.28203125 0.17265625 0.07734375
5 0.225 0.38828125 0.30234375 0.05625
5 0.7171875 0.39453125 0.30390625 0.0546875
6 0.11015625 0.49375 0.08125 0.05625
6 0.11328125 0.56796875 0.0875 0.0625
6 0.246875 0.496875 0.09375 0.065625
6 0.24765625 0.575 0.0953125 0.05625
6 0.6046875 0.50078125 0.07890625 0.05625
6 0.7390625 0.49921875 0.08046875 0.0625
6 0.6078125 0.5734375 0.09609375 0.0671875
6 0.74140625 0.571875 0.0828125 0.0546875
5 0.16796875 0.690625 0.17265625 0.04453125
5 0.6515625 0.68671875 0.16640625 0.059375
5 0.1140625 0.76640625 0.03828125 0.034375
5 0.2046875 0.77421875 0.05078125 0.0265625
5 0.30078125 0.771875 0.0703125 0.0296875
5 0.39453125 0.76796875 0.08046875 0.0375
5 0.609375 0.7703125 0.06015625 0.0359375
5 0.70546875 0.76640625 0.05703125 0.04140625
5 0.80390625 0.76640625 0.059375 0.0375
5 0.91640625 0.77265625 0.08125 0.04140625
5 0.11171875 0.878125 0.06015625 0.0546875
5 0.18671875 0.87578125 0.065625 0.05234375
5 0.2640625 0.87734375 0.0640625 0.05625
5 0.34921875 0.87734375 0.07890625 0.04609375
5 0.72109375 0.878125 0.06171875 0.0546875
5 0.63671875 0.88125 0.078125 0.059375
5 0.796875 0.87734375 0.05546875 0.059375
5 0.89609375 0.87421875 0.078125 0.05625
0 0.23671875 0.87734375 0.34296875 0.07578125
0 0.7671875 0.8765625 0.40390625 0.08359375