5 0.49609375 0.13984375 0.09921875 0.03203125
1 0.67265625 0.1421875 0.0296875 0.0328125
1 0.33203125 0.1375 0.0296875 0.02890625
0 0.5078125 0.2140625 0.3953125 0.109375
5 0.35390625 0.209375 0.05234375 0.071875
5 0.43828125 0.20859375 0.0453125 0.06796875
5 0.52578125 0.21015625 0.04375 0.0703125
5 0.61015625 0.21171875 0.0390625 0.0640625
3 0.5015625 0.309375 0.35390625 0.06640625
5 0.4015625 0.37578125 0.175 0.02890625
5 0.49140625 0.56015625 0.2140625 0.059375
5 0.478125 0.67421875 0.1953125 0.05078125
5 0.46171875 0.78046875 0.1625 0.034375
4 0.63125 0.559375 0.04921875 0.0453125
4 0.63046875 0.675 0.04921875 0.05390625
4 0.6296875 0.78828125 0.04921875 0.040625
0 0.50625 0.84375 0.359375 0.0828125