0 0.237081 0.121410 0.333683 0.078256
5 0.163675 0.310538 0.167919 0.064128
5 0.323421 0.308256 0.146662 0.058692
5 0.326220 0.576730 0.138817 0.030436
5 0.242260 0.688685 0.324641 0.071730
5 0.083615 0.881817 0.083189 0.086047
5 0.238713 0.879920 0.085509 0.100392
5 0.395741 0.880676 0.099506 0.100392
5 0.962470 0.956919 0.065299 0.068692
5 0.618084 0.528561 0.157036 0.170581
5 0.774738 0.529695 0.146931 0.174360
5 0.922829 0.530073 0.136826 0.172093
5 0.586729 0.058983 0.069326 0.055988
5 0.944985 0.072820 0.097814 0.088692
1 0.245958 0.797376 0.066048 0.048910
1 0.690943 0.211526 0.261946 0.103256
1 0.642253 0.422929 0.193668 0.041294
2 0.786729 0.925472 0.230195 0.041323
3 0.234199 0.396410 0.317919 0.046744
3 0.234985 0.463038 0.322395 0.052180
3 0.239461 0.535858 0.322395 0.050000
3 0.771205 0.312500 0.400763 0.072820
4 0.666542 0.757049 0.209341 0.244564
4 0.896587 0.752158 0.192545 0.245654
