5 0.110346 0.300939 0.105785 0.062606
5 0.210005 0.302373 0.087424 0.067831
5 0.155371 0.578886 0.201941 0.078268
5 0.210444 0.492802 0.090039 0.028690
5 0.056000 0.874287 0.056820 0.078268
5 0.156532 0.874294 0.064107 0.086958
5 0.255610 0.872656 0.058283 0.098908
5 0.398761 0.873202 0.063376 0.095662
5 0.502576 0.877547 0.053912 0.095648
5 0.604561 0.877009 0.055366 0.111951
5 0.503668 0.686252 0.206166 0.069563
5 0.555390 0.573755 0.093980 0.033683
5 0.451200 0.303020 0.103161 0.062606
5 0.553483 0.301718 0.097912 0.060000
5 0.748010 0.528836 0.095922 0.163028
5 0.848180 0.527271 0.093493 0.164847
5 0.945917 0.527271 0.093493 0.163042
5 0.972576 0.954265 0.044585 0.067831
5 0.731298 0.056900 0.044585 0.073042
5 0.963834 0.071907 0.058576 0.092606
1 0.796424 0.210815 0.169590 0.099127
1 0.759702 0.418195 0.117141 0.039127
0 0.157376 0.117547 0.208059 0.076958
0 0.504873 0.118857 0.210683 0.082169
3 0.157815 0.394716 0.207180 0.054789
3 0.158688 0.454061 0.215932 0.040437
3 0.501380 0.384279 0.205434 0.086084
3 0.504000 0.463843 0.205444 0.057380
3 0.502693 0.532322 0.208059 0.056084
3 0.847566 0.304061 0.264888 0.079563
4 0.781127 0.750793 0.135502 0.242606
4 0.926244 0.754702 0.137249 0.245211
2 0.855117 0.921630 0.137434 0.040699
1 0.162224 0.790153 0.067141 0.056346
1 0.504737 0.794854 0.055600 0.040684
