0 0.115995 0.506885 0.181140 0.078690
0 0.372404 0.117715 0.149542 0.089170
0 0.628860 0.125153 0.158199 0.079272
5 0.296398 0.879469 0.042019 0.091659
5 0.373638 0.884418 0.055614 0.096608
5 0.449651 0.880699 0.042019 0.099098
5 0.554702 0.884418 0.044495 0.086710
5 0.628239 0.886900 0.058090 0.081747
5 0.705483 0.889374 0.049441 0.081747
4 0.837727 0.756841 0.101351 0.237817
4 0.944768 0.761135 0.100109 0.237817
3 0.371946 0.393217 0.150196 0.058544
3 0.371826 0.458799 0.151394 0.052562
3 0.629724 0.391419 0.150792 0.059723
3 0.629724 0.465488 0.150792 0.059738
3 0.628235 0.542540 0.146623 0.053755
5 0.338065 0.307751 0.083682 0.068806
5 0.414597 0.308464 0.066521 0.067380
5 0.594118 0.305597 0.076529 0.067380
5 0.669219 0.305604 0.075098 0.064512
5 0.374542 0.585859 0.156638 0.086012
5 0.634528 0.688362 0.163072 0.087438
5 0.415672 0.497700 0.070094 0.030102
5 0.671006 0.582278 0.062941 0.021499
1 0.373402 0.799469 0.048635 0.054483
1 0.635174 0.799469 0.034328 0.051601
2 0.892229 0.924614 0.108003 0.040146
5 0.813911 0.529672 0.065802 0.167729
5 0.888293 0.531820 0.072956 0.166288
5 0.963391 0.532540 0.064372 0.161994
1 0.822705 0.424447 0.086543 0.044440
1 0.849528 0.213705 0.127306 0.096055
3 0.886362 0.311186 0.202411 0.084585
5 0.801964 0.061747 0.045062 0.067365
5 0.975051 0.072504 0.045062 0.094614
5 0.979546 0.958035 0.040167 0.076390
