4 0.5015625 0.546875 0.178125 0.25234375
5 0.18671875 0.3296875 0.103125 0.0671875
4 0.1859375 0.19765625 0.078125 0.0984375
3 0.18828125 0.4296875 0.2015625 0.04375
3 0.18515625 0.509375 0.196875 0.03984375
3 0.1671875 0.58046875 0.16015625 0.04765625
5 0.140625 0.65390625 0.08984375 0.02109375
3 0.159375 0.65234375 0.14296875 0.0484375
1 0.26484375 0.65234375 0.03046875 0.04140625
1 0.2671875 0.5765625 0.02890625 0.05078125
2 0.0859375 0.7046875 0.015625 0.025
1 0.18828125 0.75390625 0.21328125 0.05625
5 0.18125 0.70625 0.171875 0.02265625
5 0.1859375 0.81171875 0.15390625 0.021875
5 0.14921875 0.58125 0.1046875 0.0203125
5 0.1578125 0.50625 0.1234375 0.01796875
5 0.15625 0.43203125 0.12421875 0.0203125
5 0.18125 0.9078125 0.2046875 0.06875
5 0.50234375 0.08046875 0.17734375 0.07265625
4 0.8171875 0.20078125 0.08203125 0.109375
5 0.82109375 0.31875 0.078125 0.028125
5 0.815625 0.346875 0.1453125 0.01875
5 0.77109375 0.43125 0.08671875 0.021875
5 0.7796875 0.50703125 0.09921875 0.01640625
1 0.9 0.50859375 0.01640625 0.02265625
2 0.7125 0.5703125 0.02109375 0.03046875
5 0.76640625 0.56796875 0.0734375 0.02734375
1 0.81640625 0.63828125 0.215625 0.05703125
5 0.8171875 0.7 0.06171875 0.01484375
4 0.82109375 0.75546875 0.11640625 0.053125
5 0.815625 0.81015625 0.146875 0.01484375
5 0.88203125 0.57109375 0.0859375 0.02109375
3 0.8140625 0.42734375 0.21484375 0.0609375
3 0.8140625 0.50234375 0.2125 0.0640625