3 0.31015625 0.20078125 0.5078125 0.1578125
1 0.1390625 0.3953125 0.1578125 0.15546875
1 0.35234375 0.390625 0.21171875 0.14921875
1 0.5203125 0.38828125 0.0921875 0.16171875
5 0.15 0.5765625 0.1359375 0.07578125
5 0.309375 0.73359375 0.45390625 0.1875
5 0.659375 0.21640625 0.0734375 0.06328125
5 0.74609375 0.33359375 0.0875 0.11171875
5 0.69375 0.68515625 0.1515625 0.26328125
1 0.8953125 0.196875 0.078125 0.15390625
1 0.9015625 0.4015625 0.0875 0.1390625
1 0.896875 0.59765625 0.07578125 0.14296875
1 0.89921875 0.79296875 0.0765625 0.14765625
1 0.5203125 0.209375 0.0734375 0.0609375